104

true,true,15,2

Laser_Shoot:2,0.5,0.28,0.52,0.085,0.31,0.22,0.72,0.18,-0.005,0.0049,0.24,0.715,0.32,0.295,0.69,-0.305,0.255,,,0.76,-0.375,,0.01,-0.01,0.79,-0.31,0.265,0.32,0.175,0.315,0.1299,masterVolume:12
bomb:3,0.5,0.075,0.155,0.51,0.46,0.22,0.1103,,-0.0002,,,,,,,,,,,,,,0.4287,-0.1767,0.625,-0.3199,,,,0.245,,masterVolume:15
hit:5,0.5,0.0018,0.0535,0.4788,0.7,0.2042,0.9562,,0.0327,0.1165,0.0278,0.9874,0.2236,0.9564,0.6111,0.4674,0.4804,-0.8702,0.348,0.4173,-0.3093,,0.7984,-0.8791,0.745,-0.35,0.2261,0.4556,-0.4102,0.0029,-0.9946,masterVolume:23
space_teleport:4,0.5,0.0787,0.5366,0.0327,0.495,0.5383,0.213,,-0.0673,0.0449,,0.7387,0.0383,0.705,0.0827,0.2423,0.3626,-0.7253,0.2935,0.7592,-0.9602,0.3833,-0.5733,-0.542,0.8385,0.155,0.2269,0.625,-0.47,0.805,0.0649,masterVolume:25
hit2:5,0.5,0.3779,0.4722,0.0869,0.7847,0.8105,0.6067,,0.1915,0.2589,0.0079,0.0447,0.1046,0.8765,0.3983,-0.1757,0.6561,-0.9631,0.1162,0.8703,-0.7785,,-0.9863,-0.9018,0.7157,-0.9978,0.5245,0.2754,0.9274,0.2625,-0.9921,masterVolume:26
destroy:3,0.5,0.03,0.2869,0.51,0.5996,0.6305,0.295,,0.2159,,0.0583,0.9414,0.465,0.6077,0.2872,-0.5384,0.9297,0.1701,0.387,0.9592,-0.9999,0.1449,-0.9957,-0.8874,0.6782,-0.1973,0.4568,0.0012,-0.8237,0.0025,-0.0002,masterVolume:29
compound_attack:4,0.5,0.8727,0.0305,0.075,0.415,0.6,0.77,,-0.035,,0.2742,0.865,0.0019,0.385,0.6963,-0.7577,0.6346,0.7272,0.0945,0.6173,-0.9661,,0.8641,0.1773,0.965,-0.12,0.6662,0.0269,0.1687,0.0653,-0.85,masterVolume:31
light_attack:,0.5,,0.315,0.069,0.3664,0.4868,0.9767,,0.0042,-0.0046,0.9275,0.9919,0.1141,0.8199,0.7964,-0.7896,0.6503,0.719,0.6271,0.2892,-0.1214,,0.6379,-0.959,0.6591,-0.3401,0.0558,0.0124,-0.1621,0.0785,-0.9845,masterVolume:32

Default:-1>1>15|3,0.5,0.075,0.155,0.51,0.46,0.22,0.1103,,-0.0002,,,,,,,,,,,,,,0.4287,-0.1767,0.625,-0.3199,,,,0.245,,masterVolume|0|1|false>15|3,0.5,0.075,0.155,0.51,0.46,0.22,0.1103,,-0.0002,,,,,,,,,,,,,,0.4287,-0.1767,0.625,-0.3199,,,,0.245,,masterVolume|0.7106029846493571|1|false>15|3,0.5,0.075,0.155,0.51,0.46,0.22,0.1103,,-0.0002,,,,,,,,,,,,,,0.4287,-0.1767,0.625,-0.3199,,,,0.245,,masterVolume|0.9856751077394308|1|false>-1||0|1|false>-1||0|1|false:2
